7.934895833333333037e-01
7.926108374384236432e-01
7.871134020618556493e-01
7.805642633228839777e-01
7.889676113360324372e-01
7.933696639418710284e-01
7.731481481481481399e-01
7.681818181818181879e-01
7.703426124197001457e-01
7.693641618497110146e-01
7.686453576864535897e-01
7.573443008225616557e-01
7.651898734177214889e-01
7.850356294536817714e-01
7.510067114093960106e-01
7.456608811748999255e-01
7.549317147192715627e-01
7.544757033248081779e-01
7.468051118210863315e-01
7.518656716417910779e-01
7.496318114874815919e-01
7.607816711590296155e-01
7.294573643410853236e-01
7.608108108108108114e-01
7.427325581395348708e-01
7.331902718168812338e-01
7.389078498293515374e-01
7.413960252060106670e-01
