8.432291666666666963e-01
8.408866995073891459e-01
8.360824742268041510e-01
8.307210031347962431e-01
8.238866396761133082e-01
8.074477747502271097e-01
8.034979423868312542e-01
8.051136363636364202e-01
8.088865096359743045e-01
8.023121387283236317e-01
7.983257229832572133e-01
7.867215041128085007e-01
7.962025316455696444e-01
7.856294536817102214e-01
7.677852348993288167e-01
7.890520694259012258e-01
7.799696509863429661e-01
8.030690537084399505e-01
7.843450479233227135e-01
7.677238805970149071e-01
7.938144329896907880e-01
7.857142857142856984e-01
7.488372093023255571e-01
7.675675675675674992e-01
7.572674418604651292e-01
7.367668097281830919e-01
7.551194539249146409e-01
7.641783809985458475e-01
