5.534044385917892273e-01
5.132578534368530399e-01
4.849682174094367415e-01
4.694101929317440747e-01
4.523774560361841224e-01
4.321083178005494241e-01
4.192253975319135129e-01
4.132140995252475135e-01
4.015730883238335380e-01
3.924385926803402036e-01
3.902020953383930624e-01
3.858006453458408536e-01
3.814461980883253611e-01
3.755331574346489343e-01
3.721886433804619254e-01
3.698671103223416523e-01
3.653788311757797946e-01
3.630124732292374090e-01
3.596885198891583424e-01
3.578000154665572086e-01
3.568481544676974648e-01
3.539288587628402483e-01
3.520684923047587289e-01
3.512584839780755197e-01
3.616616922213607421e-01
3.502976678126304422e-01
3.473725497460343203e-01
3.476972867790422139e-01
3.439948225683486238e-01
3.426945569228022070e-01
3.428912798116904859e-01
3.433764833783681247e-01
3.391471029286426409e-01
